-15.00 -65.00
-3.00 -67.00
-9.00 -61.00
-13.00 -57.00
13.00 101.00
-1.00 -45.00
1.00 129.00
15.00 -89.00
-3.00 -43.00
9.00 125.00
-11.00 -41.00
5.00 39.00
27.00 -103.00
19.00 75.00
-21.00 19.00
17.00 -1.00
13.00 31.00
-21.00 27.00
-5.00 -79.00
21.00 37.00
-7.00 157.00
-7.00 143.00
1.00 115.00
3.00 -65.00
-1.00 115.00
5.00 -53.00
15.00 -61.00
-7.00 145.00
-3.00 -77.00
7.00 -11.00
-5.00 21.00
-17.00 145.00
-17.00 141.00
-3.00 -61.00
-17.00 -41.00
9.00 -65.00
23.00 85.00
-21.00 165.00
-11.00 -69.00
-5.00 27.00
-9.00 -57.00
-11.00 137.00
-11.00 -63.00
7.00 -69.00
-3.00 115.00
9.00 -73.00
-17.00 179.00
-9.00 -67.00
-9.00 -63.00
15.00 121.00
7.00 123.00
11.00 107.00
5.00 -5.00
15.00 99.00
25.00 89.00
3.00 -77.00
-11.00 143.00
21.00 95.00
-7.00 -63.00
-13.00 49.00
9.00 49.00
-5.00 -37.00
-31.00 135.00
25.00 61.00
15.00 1.00
-5.00 33.00
-21.00 119.00
-15.00 21.00
13.00 15.00
13.00 23.00
-19.00 125.00
-29.00 21.00
25.00 63.00
-5.00 35.00
-21.00 29.00
-27.00 21.00
-19.00 145.00
-29.00 19.00
1.00 43.00
-27.00 133.00
-1.00 131.00
17.00 95.00
9.00 -79.00
3.00 -71.00
-5.00 141.00
7.00 -59.00
1.00 -51.00
-1.00 -63.00
15.00 -61.00
-3.00 -49.00
5.00 9.00
1.00 -71.00
5.00 119.00
-9.00 141.00
-3.00 -75.00
-1.00 135.00
-7.00 121.00
1.00 -73.00
-3.00 129.00
7.00 -77.00
9.00 7.00
9.00 23.00
7.00 35.00
7.00 33.00
-5.00 39.00
5.00 27.00
25.00 -81.00
-15.00 -43.00
-17.00 -59.00
-25.00 45.00
11.00 -5.00
19.00 85.00
-11.00 17.00
-5.00 25.00
-17.00 39.00
-9.00 29.00
-3.00 11.00
-5.00 13.00
-13.00 -39.00
23.00 79.00
-5.00 39.00
31.00 121.00
31.00 113.00
11.00 29.00
11.00 23.00
23.00 75.00
-11.00 31.00
11.00 21.00
19.00 -91.00
25.00 117.00
9.00 -13.00
5.00 -63.00
1.00 113.00
3.00 103.00
-1.00 131.00
7.00 -11.00
13.00 101.00
5.00 7.00
5.00 -9.00
-3.00 -67.00
43.00 131.00
47.00 35.00
-25.00 149.00
35.00 -105.00
39.00 43.00
39.00 -75.00
37.00 115.00
55.00 -1.00
53.00 -9.00
39.00 123.00
7.00 -71.00
-15.00 47.00
-15.00 -53.00
-9.00 -49.00
1.00 -57.00
-11.00 131.00
7.00 11.00
-1.00 -55.00
-15.00 -57.00
-7.00 113.00
45.00 -115.00
43.00 135.00
-35.00 -67.00
75.00 61.00
49.00 133.00
33.00 95.00
35.00 -113.00
71.00 -27.00
55.00 -97.00
43.00 -97.00
-17.00 145.00
33.00 127.00
-23.00 -47.00
19.00 101.00
33.00 133.00
-25.00 -57.00
-3.00 37.00
23.00 79.00
-25.00 -49.00
-21.00 -45.00
21.00 111.00
27.00 85.00
5.00 -75.00
25.00 97.00
17.00 -93.00
-19.00 49.00
15.00 -91.00
19.00 -155.00
-3.00 139.00
23.00 91.00
55.00 -131.00
37.00 11.00
-29.00 -65.00
-29.00 153.00
39.00 -97.00
47.00 -3.00
-23.00 149.00
-17.00 -65.00
-5.00 37.00
39.00 -85.00
-35.00 -67.00
-31.00 119.00
47.00 39.00
41.00 123.00
39.00 107.00
47.00 133.00
-27.00 -67.00
-27.00 17.00
45.00 79.00
41.00 33.00
29.00 -83.00
23.00 83.00
21.00 -105.00
9.00 39.00
21.00 -97.00
-11.00 25.00
-1.00 29.00
-23.00 -59.00
25.00 87.00
27.00 115.00
37.00 -87.00
31.00 121.00
-15.00 23.00
31.00 115.00
39.00 27.00
33.00 117.00
37.00 -99.00
-19.00 -65.00
-41.00 145.00
-7.00 35.00
21.00 95.00
-3.00 139.00
19.00 111.00
17.00 -91.00
-13.00 -69.00
25.00 93.00
21.00 111.00
7.00 -75.00
17.00 121.00
5.00 -73.00
47.00 -71.00
-55.00 -69.00
59.00 57.00
39.00 69.00
55.00 27.00
57.00 57.00
39.00 41.00
49.00 155.00
49.00 23.00
43.00 141.00
47.00 -87.00
43.00 127.00
43.00 145.00
47.00 27.00
43.00 121.00
57.00 75.00
41.00 33.00
-19.00 -67.00
55.00 49.00
33.00 103.00
71.00 129.00
61.00 81.00
61.00 87.00
81.00 -73.00
65.00 115.00
73.00 -77.00
73.00 105.00
61.00 -109.00
33.00 89.00
57.00 157.00
55.00 95.00
67.00 -77.00
59.00 -73.00
63.00 105.00
63.00 149.00
55.00 161.00
31.00 83.00
55.00 -119.00
61.00 -75.00
59.00 -63.00
53.00 -129.00
37.00 139.00
35.00 137.00
35.00 139.00
31.00 77.00
29.00 81.00
27.00 87.00
27.00 89.00
-11.00 -75.00
-13.00 -71.00
-51.00 -75.00
31.00 103.00
55.00 -131.00
-11.00 -77.00
35.00 127.00
41.00 129.00
41.00 -85.00
-13.00 -73.00
-35.00 -71.00
43.00 -91.00
43.00 19.00
49.00 19.00
37.00 137.00
51.00 -127.00
49.00 -123.00
43.00 21.00
47.00 15.00
53.00 5.00
-15.00 -69.00
43.00 17.00
41.00 141.00
33.00 91.00
55.00 -163.00
67.00 89.00
57.00 137.00
65.00 117.00
63.00 -159.00
65.00 -177.00
73.00 111.00
37.00 97.00
57.00 121.00
37.00 91.00
59.00 -123.00
41.00 75.00
63.00 117.00
65.00 -143.00
69.00 -129.00
37.00 93.00
75.00 143.00
67.00 39.00
67.00 -33.00
41.00 129.00
39.00 -79.00
41.00 125.00
51.00 -127.00
41.00 -79.00
33.00 107.00
41.00 -85.00
43.00 19.00
43.00 -91.00
41.00 -75.00
47.00 7.00
37.00 43.00
47.00 15.00
-49.00 -75.00
37.00 -119.00
55.00 -131.00
39.00 141.00
45.00 23.00
41.00 -73.00
33.00 105.00
53.00 -129.00
37.00 139.00
35.00 137.00
35.00 139.00
31.00 77.00
29.00 81.00
27.00 87.00
27.00 89.00
-11.00 -75.00
-13.00 -71.00
-51.00 -75.00
49.00 135.00
47.00 -53.00
53.00 -113.00
41.00 115.00
55.00 55.00
39.00 45.00
51.00 -97.00
57.00 11.00
61.00 27.00
47.00 -79.00
49.00 -97.00
47.00 129.00
29.00 83.00
59.00 -139.00
49.00 -73.00
59.00 33.00
55.00 41.00
41.00 127.00
49.00 35.00
47.00 -115.00
45.00 19.00
45.00 1.00
37.00 33.00
31.00 79.00
-39.00 -71.00
-35.00 -55.00
47.00 15.00
47.00 5.00
-37.00 -73.00
-29.00 27.00
41.00 -87.00
-27.00 31.00
-45.00 169.00
49.00 23.00
27.00 103.00
-37.00 -71.00
41.00 -81.00
43.00 41.00
45.00 27.00
53.00 5.00
27.00 95.00
25.00 97.00
23.00 93.00
21.00 93.00
17.00 -93.00
17.00 -91.00
15.00 -91.00
5.00 -73.00
-1.00 -79.00
-15.00 49.00
-17.00 49.00
-23.00 -45.00
-7.00 -77.00
-51.00 -75.00
-11.00 -75.00
-39.00 177.00
-19.00 47.00
-25.00 -49.00
-1.00 29.00
-23.00 47.00
47.00 -123.00
-1.00 37.00
25.00 105.00
25.00 -107.00
-27.00 -51.00
1.00 35.00
-37.00 175.00
23.00 99.00
-9.00 35.00
49.00 -125.00
11.00 39.00
63.00 31.00
63.00 143.00
63.00 47.00
67.00 -51.00
51.00 -95.00
49.00 115.00
55.00 -73.00
67.00 155.00
53.00 135.00
53.00 85.00
53.00 43.00
63.00 9.00
69.00 97.00
59.00 43.00
57.00 -75.00
75.00 97.00
63.00 -111.00
69.00 151.00
69.00 91.00
67.00 39.00
43.00 117.00
45.00 -117.00
43.00 93.00
45.00 103.00
37.00 87.00
45.00 93.00
15.00 45.00
45.00 85.00
-31.00 135.00
39.00 -105.00
23.00 81.00
-19.00 147.00
25.00 79.00
-23.00 -59.00
19.00 101.00
31.00 -89.00
-27.00 33.00
21.00 107.00
-23.00 -53.00
-31.00 -51.00
19.00 -97.00
37.00 -95.00
-35.00 137.00
27.00 -99.00
19.00 -99.00
-37.00 143.00
-29.00 149.00
37.00 41.00
-43.00 147.00
-31.00 -63.00
17.00 121.00
21.00 93.00
15.00 -91.00
5.00 -73.00
-19.00 49.00
-13.00 -69.00
13.00 109.00
19.00 109.00
25.00 89.00
7.00 -75.00
39.00 77.00
-9.00 -39.00
31.00 111.00
-15.00 15.00
25.00 -103.00
-29.00 121.00
33.00 119.00
-27.00 151.00
-31.00 139.00
-7.00 -41.00
11.00 -15.00
7.00 7.00
-3.00 -43.00
-13.00 -65.00
-1.00 21.00
-13.00 -53.00
13.00 107.00
-5.00 -49.00
-15.00 -55.00
7.00 9.00
5.00 -57.00
11.00 99.00
1.00 111.00
9.00 -83.00
5.00 -69.00
9.00 123.00
-9.00 149.00
-3.00 129.00
11.00 125.00
-13.00 -69.00
7.00 13.00
-15.00 35.00
11.00 -7.00
35.00 137.00
33.00 -81.00
7.00 37.00
-5.00 -41.00
-11.00 17.00
-17.00 139.00
29.00 113.00
51.00 -121.00
47.00 -121.00
57.00 15.00
-25.00 29.00
37.00 41.00
51.00 121.00
55.00 105.00
39.00 103.00
53.00 39.00
35.00 113.00
13.00 107.00
5.00 17.00
-7.00 -35.00
3.00 27.00
7.00 -7.00
3.00 25.00
13.00 121.00
7.00 -69.00
1.00 121.00
-5.00 21.00
3.00 9.00
17.00 97.00
19.00 95.00
1.00 117.00
-1.00 101.00
25.00 91.00
1.00 -75.00
3.00 -73.00
-1.00 -75.00
5.00 7.00
9.00 -1.00
-13.00 35.00
29.00 117.00
11.00 35.00
25.00 -107.00
-11.00 25.00
27.00 111.00
35.00 129.00
29.00 77.00
7.00 41.00
7.00 101.00
13.00 93.00
-3.00 121.00
9.00 99.00
15.00 -89.00
-1.00 117.00
-3.00 -73.00
7.00 -77.00
-1.00 113.00
3.00 9.00
45.00 11.00
5.00 47.00
49.00 1.00
49.00 -123.00
33.00 107.00
47.00 -95.00
13.00 29.00
25.00 -101.00
55.00 53.00
47.00 29.00
29.00 113.00
11.00 29.00
1.00 33.00
19.00 -91.00
-15.00 39.00
-43.00 171.00
17.00 75.00
21.00 -157.00
-7.00 17.00
21.00 85.00
21.00 -97.00
-9.00 -35.00
3.00 -59.00
27.00 85.00
-7.00 23.00
3.00 27.00
-5.00 23.00
7.00 -71.00
5.00 29.00
-9.00 -75.00
31.00 73.00
-29.00 133.00
23.00 49.00
13.00 77.00
5.00 37.00
31.00 9.00
-31.00 133.00
1.00 37.00
35.00 51.00
31.00 -115.00
21.00 -83.00
21.00 87.00
-19.00 35.00
19.00 103.00
15.00 101.00
13.00 79.00
-5.00 21.00
-9.00 27.00
3.00 15.00
17.00 -99.00
-1.00 135.00
7.00 -59.00
25.00 91.00
-7.00 109.00
-1.00 -77.00
-7.00 139.00
3.00 -65.00
3.00 -73.00
-3.00 -69.00
-1.00 113.00
-17.00 49.00
1.00 -59.00
-7.00 -71.00
11.00 125.00
15.00 109.00
1.00 -79.00
21.00 95.00
-1.00 -53.00
-9.00 147.00
-9.00 -51.00
29.00 91.00
49.00 -81.00
47.00 -77.00
49.00 -75.00
61.00 23.00
45.00 121.00
51.00 33.00
45.00 -121.00
51.00 29.00
35.00 47.00
33.00 81.00
73.00 87.00
59.00 -65.00
69.00 149.00
65.00 77.00
65.00 179.00
65.00 -71.00
61.00 103.00
69.00 121.00
53.00 -101.00
43.00 -93.00
41.00 -81.00
41.00 -99.00
37.00 -119.00
39.00 -97.00
41.00 129.00
49.00 -123.00
-49.00 -75.00
37.00 121.00
43.00 -75.00
27.00 87.00
-11.00 -75.00
29.00 81.00
53.00 -129.00
-51.00 -75.00
27.00 89.00
35.00 139.00
31.00 77.00
35.00 137.00
37.00 139.00
