-5.00 119.00
13.00 107.00
-3.00 141.00
-3.00 -65.00
17.00 97.00
-7.00 115.00
7.00 -59.00
-9.00 145.00
-7.00 -73.00
9.00 -81.00
13.00 21.00
11.00 17.00
-19.00 21.00
-29.00 115.00
15.00 41.00
-19.00 27.00
13.00 33.00
-25.00 149.00
15.00 -3.00
31.00 -9.00
-5.00 117.00
7.00 -11.00
-3.00 151.00
-3.00 103.00
3.00 -73.00
17.00 95.00
-5.00 155.00
-3.00 153.00
3.00 -65.00
-7.00 107.00
17.00 101.00
-23.00 -43.00
-13.00 37.00
-13.00 45.00
21.00 101.00
11.00 5.00
17.00 -101.00
9.00 -7.00
21.00 77.00
29.00 121.00
-1.00 -77.00
19.00 95.00
-11.00 155.00
3.00 115.00
1.00 97.00
-5.00 141.00
-7.00 105.00
9.00 99.00
5.00 115.00
-1.00 137.00
-1.00 -75.00
-13.00 -171.00
3.00 -51.00
3.00 95.00
-1.00 113.00
-9.00 159.00
-5.00 113.00
1.00 99.00
-1.00 135.00
-3.00 145.00
-9.00 -41.00
-23.00 45.00
-31.00 121.00
13.00 17.00
-21.00 147.00
5.00 45.00
35.00 33.00
31.00 27.00
25.00 39.00
-21.00 27.00
29.00 -107.00
17.00 57.00
13.00 41.00
33.00 15.00
-9.00 33.00
27.00 67.00
17.00 -15.00
25.00 -105.00
-23.00 149.00
5.00 49.00
-1.00 19.00
-1.00 9.00
1.00 19.00
-7.00 -55.00
5.00 -69.00
-3.00 21.00
17.00 109.00
5.00 81.00
5.00 127.00
1.00 117.00
1.00 105.00
-3.00 125.00
-1.00 -59.00
23.00 93.00
-9.00 149.00
-11.00 149.00
7.00 -69.00
13.00 101.00
-7.00 -35.00
-3.00 117.00
-11.00 -47.00
1.00 35.00
7.00 21.00
5.00 -5.00
-5.00 -41.00
23.00 -159.00
9.00 -5.00
-23.00 49.00
23.00 79.00
23.00 75.00
-21.00 -41.00
13.00 -73.00
13.00 -87.00
21.00 81.00
9.00 79.00
-23.00 -53.00
19.00 -63.00
21.00 77.00
21.00 -97.00
19.00 -89.00
-25.00 -49.00
9.00 7.00
13.00 -71.00
-27.00 -61.00
-3.00 29.00
25.00 -81.00
13.00 -69.00
31.00 -87.00
21.00 -75.00
21.00 -83.00
-1.00 -55.00
-11.00 -61.00
11.00 -11.00
19.00 105.00
-7.00 -63.00
5.00 25.00
-21.00 49.00
7.00 -9.00
7.00 -75.00
5.00 7.00
-29.00 125.00
57.00 -5.00
-31.00 -61.00
57.00 17.00
41.00 59.00
45.00 31.00
-29.00 121.00
-17.00 15.00
-9.00 -39.00
27.00 103.00
5.00 -53.00
-1.00 113.00
7.00 -81.00
-11.00 153.00
5.00 109.00
-3.00 -73.00
1.00 113.00
-7.00 107.00
-9.00 161.00
25.00 91.00
71.00 107.00
37.00 73.00
69.00 147.00
45.00 -111.00
67.00 -159.00
31.00 101.00
55.00 119.00
59.00 101.00
71.00 19.00
43.00 93.00
33.00 129.00
-29.00 -51.00
-31.00 -55.00
-25.00 -55.00
27.00 117.00
29.00 113.00
25.00 105.00
-27.00 -59.00
29.00 121.00
25.00 109.00
23.00 115.00
33.00 139.00
-21.00 49.00
-15.00 49.00
7.00 -75.00
-13.00 -69.00
5.00 -75.00
25.00 91.00
29.00 129.00
15.00 109.00
33.00 105.00
-41.00 145.00
33.00 -99.00
43.00 1.00
-37.00 -61.00
-15.00 -69.00
13.00 39.00
43.00 3.00
-25.00 149.00
-23.00 31.00
-35.00 -71.00
33.00 119.00
-39.00 147.00
29.00 109.00
39.00 19.00
-25.00 27.00
37.00 -79.00
35.00 127.00
43.00 15.00
37.00 11.00
43.00 25.00
41.00 99.00
43.00 47.00
37.00 51.00
39.00 39.00
25.00 -103.00
47.00 115.00
47.00 41.00
49.00 77.00
43.00 -109.00
-23.00 -47.00
-17.00 35.00
19.00 -157.00
25.00 109.00
31.00 -81.00
-25.00 -57.00
25.00 83.00
-29.00 -59.00
29.00 -95.00
15.00 -97.00
1.00 -79.00
19.00 107.00
25.00 97.00
17.00 121.00
23.00 93.00
23.00 115.00
-15.00 49.00
13.00 109.00
27.00 95.00
21.00 113.00
37.00 113.00
45.00 -89.00
-51.00 -57.00
45.00 -119.00
57.00 11.00
33.00 69.00
55.00 55.00
55.00 27.00
35.00 73.00
47.00 11.00
47.00 -91.00
39.00 39.00
47.00 133.00
41.00 121.00
39.00 43.00
41.00 119.00
55.00 35.00
39.00 45.00
53.00 23.00
-51.00 -59.00
69.00 19.00
61.00 125.00
61.00 131.00
75.00 -21.00
63.00 -141.00
31.00 89.00
39.00 101.00
71.00 77.00
71.00 125.00
61.00 55.00
43.00 -119.00
57.00 121.00
55.00 -67.00
67.00 103.00
59.00 69.00
61.00 -165.00
61.00 -121.00
55.00 97.00
43.00 75.00
57.00 139.00
53.00 -129.00
37.00 139.00
35.00 137.00
35.00 139.00
31.00 77.00
29.00 81.00
27.00 87.00
27.00 89.00
-11.00 -75.00
-13.00 -71.00
-51.00 -75.00
-53.00 -75.00
41.00 -75.00
41.00 37.00
37.00 137.00
55.00 -131.00
35.00 127.00
37.00 -119.00
41.00 25.00
29.00 95.00
43.00 21.00
-13.00 -73.00
-9.00 -77.00
43.00 -91.00
43.00 -65.00
49.00 -5.00
37.00 141.00
39.00 129.00
37.00 35.00
51.00 -127.00
49.00 -123.00
43.00 17.00
69.00 -149.00
75.00 91.00
75.00 99.00
67.00 57.00
61.00 129.00
51.00 71.00
59.00 93.00
67.00 -61.00
59.00 81.00
65.00 -23.00
37.00 77.00
65.00 73.00
67.00 87.00
71.00 -129.00
53.00 157.00
59.00 65.00
53.00 143.00
61.00 25.00
53.00 91.00
63.00 -83.00
43.00 -65.00
47.00 15.00
37.00 -119.00
-35.00 -71.00
49.00 -123.00
43.00 -69.00
43.00 -91.00
41.00 -73.00
41.00 37.00
41.00 -75.00
51.00 -127.00
43.00 139.00
37.00 43.00
43.00 19.00
43.00 -67.00
-13.00 -73.00
41.00 -83.00
47.00 7.00
41.00 143.00
-49.00 -75.00
53.00 -129.00
37.00 139.00
35.00 137.00
35.00 139.00
31.00 77.00
29.00 81.00
27.00 87.00
27.00 89.00
-11.00 -75.00
-13.00 -71.00
-51.00 -75.00
-53.00 -75.00
47.00 -111.00
47.00 37.00
69.00 13.00
47.00 11.00
55.00 29.00
49.00 -69.00
43.00 -85.00
57.00 33.00
49.00 83.00
47.00 -81.00
53.00 -167.00
43.00 47.00
55.00 49.00
43.00 147.00
51.00 -95.00
57.00 -153.00
63.00 -17.00
47.00 -97.00
49.00 -99.00
47.00 -53.00
53.00 91.00
79.00 105.00
65.00 15.00
61.00 -49.00
75.00 -119.00
41.00 49.00
47.00 -83.00
71.00 103.00
55.00 13.00
65.00 141.00
63.00 -69.00
69.00 85.00
69.00 -125.00
61.00 115.00
59.00 -129.00
53.00 -83.00
45.00 149.00
55.00 19.00
71.00 -107.00
73.00 149.00
-29.00 -51.00
-53.00 -75.00
25.00 -107.00
-51.00 -75.00
21.00 -99.00
25.00 101.00
51.00 -131.00
-29.00 -49.00
-29.00 31.00
-7.00 -77.00
-37.00 173.00
9.00 39.00
-39.00 173.00
-43.00 169.00
1.00 37.00
-39.00 -73.00
-39.00 175.00
-1.00 37.00
-13.00 -71.00
19.00 -103.00
27.00 95.00
25.00 95.00
25.00 97.00
23.00 93.00
21.00 93.00
17.00 -93.00
17.00 -91.00
15.00 -91.00
5.00 -73.00
-1.00 -79.00
-15.00 49.00
-17.00 49.00
55.00 -1.00
27.00 -17.00
45.00 1.00
53.00 -3.00
45.00 -61.00
39.00 29.00
-43.00 -177.00
45.00 17.00
55.00 -3.00
35.00 -121.00
27.00 103.00
33.00 105.00
43.00 17.00
41.00 -87.00
37.00 125.00
43.00 -93.00
-39.00 141.00
-45.00 171.00
53.00 7.00
37.00 29.00
47.00 95.00
47.00 63.00
45.00 49.00
43.00 59.00
47.00 91.00
43.00 33.00
45.00 65.00
37.00 -117.00
45.00 55.00
31.00 51.00
29.00 119.00
-13.00 17.00
27.00 121.00
-31.00 31.00
23.00 83.00
27.00 115.00
-25.00 47.00
-11.00 31.00
29.00 111.00
-13.00 23.00
33.00 -5.00
45.00 -123.00
-35.00 117.00
35.00 119.00
-47.00 167.00
-29.00 29.00
-43.00 145.00
-37.00 145.00
33.00 -99.00
41.00 -69.00
-1.00 -79.00
3.00 -77.00
19.00 111.00
23.00 115.00
23.00 121.00
17.00 121.00
19.00 105.00
25.00 93.00
15.00 -91.00
-25.00 -47.00
-3.00 115.00
-11.00 -65.00
-13.00 -53.00
7.00 -71.00
-1.00 25.00
15.00 -91.00
-11.00 -67.00
-13.00 -47.00
-1.00 17.00
-13.00 131.00
-33.00 119.00
19.00 43.00
-15.00 13.00
21.00 43.00
-25.00 115.00
41.00 107.00
-33.00 151.00
41.00 1.00
-37.00 145.00
15.00 41.00
-9.00 113.00
9.00 -79.00
-1.00 117.00
5.00 7.00
-7.00 109.00
7.00 -81.00
-7.00 105.00
-1.00 -65.00
9.00 -83.00
-1.00 -69.00
1.00 33.00
-7.00 21.00
13.00 -5.00
23.00 79.00
-29.00 -55.00
17.00 -99.00
-5.00 31.00
-19.00 -55.00
1.00 35.00
-19.00 33.00
7.00 93.00
-9.00 151.00
7.00 103.00
1.00 99.00
5.00 -77.00
13.00 123.00
-1.00 103.00
11.00 103.00
7.00 101.00
9.00 127.00
-9.00 33.00
7.00 35.00
31.00 123.00
-11.00 25.00
13.00 5.00
-5.00 11.00
19.00 -101.00
35.00 -85.00
35.00 137.00
11.00 -67.00
-9.00 147.00
19.00 107.00
15.00 -89.00
7.00 -71.00
21.00 87.00
-7.00 125.00
11.00 -17.00
19.00 111.00
-3.00 143.00
17.00 -63.00
29.00 97.00
45.00 -67.00
33.00 109.00
23.00 37.00
37.00 -89.00
23.00 -111.00
45.00 23.00
39.00 71.00
11.00 25.00
39.00 105.00
31.00 119.00
33.00 137.00
-1.00 37.00
-7.00 39.00
35.00 129.00
9.00 11.00
11.00 3.00
-5.00 39.00
13.00 3.00
-3.00 37.00
-7.00 111.00
13.00 93.00
1.00 -75.00
11.00 99.00
-5.00 129.00
13.00 123.00
19.00 121.00
13.00 -91.00
-1.00 129.00
-5.00 103.00
45.00 29.00
15.00 47.00
53.00 67.00
13.00 25.00
29.00 -107.00
47.00 -3.00
55.00 75.00
-17.00 21.00
35.00 41.00
35.00 109.00
17.00 -77.00
-9.00 123.00
7.00 79.00
-7.00 129.00
11.00 -17.00
11.00 -87.00
-9.00 127.00
17.00 -95.00
19.00 111.00
1.00 123.00
13.00 -61.00
-19.00 -49.00
-15.00 33.00
21.00 -99.00
11.00 -87.00
19.00 -89.00
-3.00 9.00
-9.00 23.00
9.00 81.00
-17.00 -45.00
-1.00 121.00
9.00 117.00
1.00 -57.00
-17.00 147.00
1.00 125.00
15.00 -89.00
-9.00 -65.00
21.00 -155.00
-9.00 129.00
-3.00 -57.00
-15.00 21.00
27.00 51.00
17.00 55.00
-15.00 11.00
-19.00 19.00
29.00 -5.00
-21.00 17.00
33.00 23.00
31.00 67.00
33.00 9.00
15.00 97.00
-9.00 137.00
13.00 123.00
11.00 99.00
9.00 -13.00
-1.00 -67.00
-1.00 149.00
3.00 -51.00
13.00 125.00
-5.00 129.00
51.00 97.00
71.00 -89.00
33.00 99.00
81.00 -87.00
55.00 91.00
65.00 75.00
55.00 117.00
69.00 121.00
69.00 -87.00
61.00 97.00
39.00 141.00
41.00 125.00
35.00 127.00
43.00 17.00
45.00 25.00
41.00 25.00
53.00 5.00
39.00 -87.00
39.00 -93.00
37.00 35.00
49.00 -95.00
63.00 -23.00
45.00 -91.00
51.00 -55.00
47.00 29.00
51.00 -59.00
41.00 117.00
43.00 -101.00
59.00 17.00
49.00 131.00
35.00 137.00
31.00 77.00
-51.00 -75.00
35.00 139.00
27.00 87.00
37.00 139.00
-13.00 -71.00
53.00 -129.00
27.00 89.00
29.00 81.00
